1:(3) 8  9  1  2  5  4  6  7 
pickup: 8, 9, 1


2:(2) 8  9  1  5  4  6  7  3
pickup: 8, 9, 1
2 8 9 1 5 4 6 7 3 2

3:(5) 4  6  7  8  9  1  3  2 
pickup: 4, 6, 7
5 4 6 7 8 9 1 3 2 5

4:(8) 9  1  3  4  6  7  2  5 
pickup: 9, 1, 3
8 9 1 3 4 6 7 2 5 8

5:(4) 6  7  9  1  3  2  5  8 
pickup: 6, 7, 9
4 6 7 9 1 3 2 5 8 4

6:(1) 3  6  7  9  2  5  8  4 
pickup: 3, 6, 7
1 3 6 7 9 2 5 8 4 1 

7:(9) 3  6  7  2  5  8  4  1 
pickup: 3, 6, 7
9 2 5 3 6 7 8 4 1 9

8:(2) 5  8  3  6  7  4  1  9 
pickup: 5, 8, 3


9:(6) 7  4  1  5  8  3  9  2 
pickup: 7, 4, 1


1:(5) 7  4  1  8  3  9  2  6 
pickup: 7, 4, 1

